1000 0.001
2000 0.007
3000 0.013
4000 0.023
5000 0.041
6000 0.052
7000 0.069
8000 0.091
9000 0.114
10000 0.14
11000 0.169
12000 0.201
13000 0.235
14000 0.274
15000 0.314
16000 0.356
17000 0.401
18000 0.451
19000 0.501
20000 0.556
21000 0.611
22000 0.672
23000 0.742
24000 0.8
25000 0.884
26000 0.938
27000 1.012
28000 1.095
29000 1.159
30000 1.239
31000 1.329
32000 1.411
33000 1.506
34000 1.607
35000 1.694
36000 1.799
37000 1.9
38000 2.022
39000 2.116
40000 2.285
41000 2.347
42000 2.567
43000 2.587
44000 2.708
45000 2.866
46000 3.22
47000 3.324
48000 3.765
49000 3.367
50000 3.513
51000 3.641
52000 3.76
53000 3.873
54000 4.044
55000 4.2
56000 4.379
57000 4.522
58000 4.662
59000 5.356
60000 6.574
61000 5.175
62000 5.402
63000 5.584
64000 5.747
65000 5.929
66000 6.111
67000 6.308
68000 6.49
69000 6.683
70000 6.874
71000 7.109
72000 7.386
73000 7.545
74000 7.727
75000 7.911
76000 8.329
77000 8.422
78000 8.483
79000 8.758
80000 8.975
81000 9.193
82000 9.455
83000 9.836
84000 10.206
85000 10.223
86000 10.463
87000 10.675
88000 10.798
89000 11.789
90000 11.624
91000 11.674
92000 12.178
93000 12.416
94000 12.545
95000 12.736
96000 13.049
97000 13.693
98000 13.51
99000 13.974
100000 14.617
